-36.43283665,-34.47675441,-31.54904590,-31.16581291,-30.46725975,-28.13444156,-26.94928093,-28.47554160,-30.50541873,-32.55300593,-33.18437792,-32.33652028,-32.98831157,1.00000000
-24.45059228,-24.63676595,-26.93187515,-26.20506740,-26.24268801,-27.08443484,-26.80277528,-27.31170901,-28.88747926,-27.60020125,-27.15491995,-29.54068939,-29.14185534,1.00000000
-32.85087218,-31.73819605,-29.87455237,-30.67268155,-32.37936352,-34.70335073,-34.94697346,-34.41503540,-28.48423311,-20.30778513,-16.69794996,-16.56123451,-16.11362238,1.00000000
-30.52535041,-31.49192897,-32.88831234,-32.48796871,-31.87217937,-32.37292973,-31.85263969,-31.16657978,-31.62802720,-31.41304658,-32.92661482,-33.47444904,-32.42916488,1.00000000
-35.80405769,-36.91449921,-38.76771597,-37.06809630,-34.56030549,-33.93303266,-34.64430505,-33.35191782,-33.21455974,-31.90834176,-30.45302728,-30.24342232,-30.65697017,1.00000000
-29.90530410,-30.61527084,-34.91128442,-35.57889428,-34.88339508,-34.68843612,-34.59534777,-33.72882496,-34.03432394,-35.51216154,-35.80374665,-34.72317549,-33.07877235,1.00000000
-37.90879002,-34.89850381,-32.92899428,-32.07488894,-30.70594362,-30.84923908,-32.16588337,-33.67673983,-34.36698314,-32.92267980,-32.31932139,-32.60896754,-30.76004813,1.00000000
-41.38487803,-41.38487803,-41.38487803,-41.38487803,-41.38487803,-41.38487803,-41.38487803,-41.38487803,-41.38487803,-41.38487803,-41.38487803,-41.38487803,-41.38487803,1.00000000
-21.31123805,-21.70001332,-22.07417897,-24.27807562,-26.18835317,-25.54722430,-26.98281324,-26.47587392,-26.36679517,-26.48616100,-28.25991113,-29.38928186,-31.04263252,1.00000000
-41.21192272,-41.21192272,-41.21192272,-41.21192272,-41.21192272,-41.21192272,-41.21192272,-41.21192272,-41.21192272,-41.21192272,-41.21192272,-41.21192272,-41.21192272,1.00000000
-5.66062543,-7.22077898,-4.12903902,-0.00422680,-0.77842224,-2.17309687,-3.13793352,-4.96275208,-5.19497509,-6.16971084,-6.11197626,-5.56156679,-4.24552594,1.00000000
-5.80822699,-4.84805770,-3.15083833,-1.86729856,-1.79430613,-3.07635299,-4.45959450,-3.64387383,-5.17183091,-6.60334449,-3.70103940,-3.64438290,-3.72819192,1.00000000
-4.31813594,-5.49341718,-5.32972096,-4.34769102,-4.32204380,-5.80928789,-4.49202269,-4.81028293,-4.65138726,-5.72312122,-6.39676266,-7.29829087,-6.52421004,1.00000000
-1.61554298,-0.99608741,-2.17733503,-4.03151548,-3.70556302,-4.51880302,-5.06445041,-4.58720133,-4.41681427,-5.10889788,-5.93887543,-5.01568947,-5.05816121,1.00000000
-5.43825211,-5.16293845,-4.80689389,-5.86640866,-4.94008544,-4.53443989,-5.59070734,-6.16157812,-6.82102137,-6.54401256,-6.27299292,-5.38977683,-4.63351251,1.00000000
-6.01909679,-5.87959054,-5.95849716,-5.09481712,-6.54367785,-5.21546946,-7.03045745,-7.66048581,-6.98542476,-7.17520480,-6.84217870,-5.33029067,-4.89667810,1.00000000
-5.34080085,-5.18049647,-4.82513583,-4.01920605,-3.66246882,-5.37503273,-5.72440407,-5.91360407,-5.77566961,-5.30386459,-6.04830361,-5.75354714,-5.34365762,1.00000000
-8.41021564,-8.10723401,-7.34174307,-7.86065718,-8.16694897,-8.29230284,-6.89655612,-6.74035528,-5.74414465,-5.61544999,-5.75757323,-6.02925684,-5.73193961,1.00000000
-7.49561789,-4.83865308,-3.24759153,-3.62833069,-2.66991879,-3.62152321,-4.75285147,-4.05233980,-4.06298291,-5.40287706,-3.63929520,-2.30849597,-3.67681820,1.00000000
-8.83362091,-7.20289402,-5.54589328,-6.34091680,-5.82816124,-5.62442003,-6.55552255,-6.25100592,-5.55579127,-4.55548157,-5.41348884,-5.94610694,-8.49244557,1.00000000
-41.65664529,-41.65664529,-39.99677173,-37.35164734,-37.25050872,-37.97695532,-37.02232788,-37.98780023,-38.10694107,-38.61292992,-39.76069589,-39.84314575,-39.33427320,1.00000000
-42.71560537,-42.71560537,-36.00726846,-32.89386348,-34.69632588,-35.75308960,-34.61616671,-34.94553492,-32.94937303,-30.77746370,-30.65934425,-34.69496382,-35.30228515,1.00000000
-39.19115593,-34.94402301,-28.10485628,-27.70407177,-28.93991870,-28.96902834,-29.57811668,-29.94783755,-30.58338326,-29.77411678,-28.58461529,-28.21418080,-27.26916597,1.00000000
-40.45661519,-36.50590717,-29.88533516,-28.79888909,-30.39472925,-29.16513167,-30.17335309,-30.68014325,-28.68055806,-28.12210135,-28.23959788,-29.00277000,-26.73947145,1.00000000
-42.31391705,-42.25901376,-39.21806061,-38.21418747,-35.88571736,-34.22078108,-33.57297898,-33.23070874,-32.76370071,-32.75231089,-33.32259393,-31.87245866,-31.93611838,1.00000000
-42.59197712,-36.20373799,-27.69913105,-28.36589580,-33.88995731,-34.93026548,-34.67681947,-33.24380874,-33.65011683,-34.97019988,-33.79137453,-34.12392169,-34.83222766,1.00000000
-41.73953985,-41.73953985,-38.63609892,-37.75070545,-36.35166906,-34.70088344,-29.12800945,-29.89298112,-35.65026135,-34.96394782,-33.93105689,-34.36552409,-36.84742203,1.00000000
-40.21045650,-39.99427182,-37.18489335,-35.70843389,-35.77936184,-35.39511888,-33.85245319,-31.96908519,-32.01997832,-33.40294169,-32.11624302,-31.24402050,-31.80723324,1.00000000
-40.04749470,-39.18558984,-34.32238666,-31.44798246,-30.53932795,-29.97246071,-31.55604346,-33.08127652,-34.21079141,-35.60533186,-36.41459631,-35.78019998,-35.52985764,1.00000000
-40.94297841,-38.98489787,-35.18915477,-36.39033269,-35.35277135,-34.85259864,-32.56538657,-32.61804638,-32.83972230,-32.81024106,-32.53631776,-32.70964930,-34.38813086,1.00000000
-46.08227553,-46.08227553,-46.08227553,-46.08227553,-46.08227553,-46.08227553,-46.08227553,-46.08227553,-46.08227553,-46.08227553,-46.08227553,-46.08227553,-46.08227553,1.00000000
-71.58632016,-71.53453362,-70.87816210,-70.50358042,-70.69616482,-71.62628400,-70.75935408,-70.41415184,-71.15146522,-71.41053707,-70.52666594,-70.54620115,-71.11938598,1.00000000
-45.69897892,-45.69897892,-45.69897892,-45.69897892,-45.69897892,-45.69897892,-45.69897892,-45.69897892,-45.69897892,-45.69897892,-45.69897892,-45.69897892,-45.69897892,1.00000000
-47.62955764,-47.62955764,-47.62955764,-47.62955764,-47.62955764,-47.62955764,-47.62955764,-47.62955764,-47.62955764,-47.62955764,-47.62955764,-47.62955764,-47.62955764,1.00000000
-49.25298756,-49.25298756,-49.25298756,-49.25298756,-49.25298756,-49.25298756,-49.25298756,-49.25298756,-49.25298756,-49.25298756,-49.25298756,-49.25298756,-49.25298756,1.00000000
-52.02378345,-52.02378345,-52.02378345,-52.02378345,-52.02378345,-52.02378345,-52.02378345,-52.02378345,-52.02378345,-52.02378345,-52.02378345,-52.02378345,-52.02378345,1.00000000
-52.06168567,-52.06168567,-52.06168567,-52.06168567,-52.06168567,-52.06168567,-52.06168567,-52.06168567,-52.06168567,-52.06168567,-52.06168567,-52.06168567,-52.06168567,1.00000000
-41.71731966,-41.71731966,-41.71731966,-41.71731966,-41.71731966,-41.71731966,-41.71731966,-41.71731966,-41.71731966,-41.71731966,-41.71731966,-41.71731966,-41.71731966,1.00000000
-61.05500867,-61.05500867,-61.05500867,-61.05500867,-61.05500867,-61.05500867,-61.05500867,-61.05500867,-61.05500867,-61.05500867,-61.05500867,-61.05500867,-61.05500867,1.00000000
-56.70611862,-56.70611862,-56.70611862,-56.70611862,-56.70611862,-56.70611862,-56.70611862,-56.70611862,-56.70611862,-56.70611862,-56.70611862,-56.70611862,-56.70611862,1.00000000
-42.43366077,-42.82956602,-41.84639898,-36.08208275,-34.39918909,-35.59096112,-34.58374238,-31.45090073,-30.52912598,-31.58369225,-33.03409639,-34.23819836,-33.04146001,2.00000000
-31.15305325,-32.95067265,-35.04648909,-35.25332564,-35.23945964,-34.00168755,-33.86865653,-34.62946813,-34.82260436,-35.04658113,-33.56561110,-34.15114561,-34.96249241,2.00000000
-39.18006891,-41.67907442,-43.94542824,-43.63541236,-41.72570374,-38.10351627,-36.74971642,-35.90172554,-34.41957103,-34.25945456,-34.72226844,-35.76287186,-33.77278177,2.00000000
-44.21465286,-44.64219523,-44.24517786,-42.43190959,-38.74454016,-36.52187021,-37.51193891,-39.03936151,-39.34921494,-38.52045123,-35.67911211,-36.41632862,-38.20614125,2.00000000
-40.46031971,-41.99619822,-41.51209493,-39.33783627,-38.75870654,-37.60348584,-35.90810145,-34.99563199,-31.31342235,-29.87383315,-31.54545724,-32.92753901,-33.07221485,2.00000000
-38.71979278,-37.50539838,-33.37242410,-30.60066429,-30.56017520,-31.59676547,-31.58515044,-30.70639989,-30.23074701,-29.44098363,-29.54387582,-30.17767771,-30.46303318,2.00000000
-25.65127543,-27.21372187,-29.49963473,-28.33055510,-29.32011591,-28.65229992,-27.66252997,-27.14794331,-28.60852197,-26.49189085,-17.99402151,-13.40380689,-15.29610315,2.00000000
-44.62121305,-44.62121305,-44.62121305,-44.62121305,-44.62121305,-44.62121305,-44.62121305,-44.62121305,-44.62121305,-44.62121305,-44.62121305,-44.62121305,-44.62121305,2.00000000
-42.71220188,-42.71220188,-42.71220188,-42.71220188,-42.71220188,-42.71220188,-42.71220188,-42.71220188,-42.71220188,-42.71220188,-42.71220188,-42.71220188,-42.71220188,2.00000000
-22.05434499,-20.80528394,-20.96615736,-23.68814971,-24.67558004,-23.02722281,-23.10990777,-24.67491805,-23.90354918,-23.63655818,-23.75506622,-22.12243091,-18.72049880,2.00000000
-6.65750319,-6.52474198,-6.59395641,-6.21171912,-6.54486354,-6.41930602,-6.86445858,-6.71199977,-6.33574536,-6.68838151,-7.77708904,-7.63752323,-6.52698607,2.00000000
-6.70200204,-6.80244591,-6.04730648,-6.94802319,-6.39517275,-5.03343484,-5.89781166,-6.57692367,-6.90472636,-7.12423430,-6.62624560,-6.28290352,-5.52010485,2.00000000
-7.55193285,-6.30825093,-6.22149926,-7.34288632,-7.10521991,-7.74191363,-7.84876899,-5.87804919,-5.04001787,-5.17641514,-7.00351498,-6.38330089,-5.55730362,2.00000000
-5.67305575,-6.37923273,-5.91971995,-6.01123659,-6.29920962,-5.39603048,-5.21048947,-5.76272714,-5.05951834,-5.60563267,-6.02637763,-6.46504579,-6.80300555,2.00000000
-8.16596667,-7.08178797,-5.66061509,-5.14980259,-3.37844168,-4.80616177,-5.83199809,-5.86080761,-5.25123905,-6.75010494,-6.85041676,-6.22060737,-6.26382403,2.00000000
-6.80464471,-6.14556266,-6.82918655,-7.41956157,-6.22333293,-5.69200464,-6.22192988,-7.84851667,-8.21095931,-7.50325571,-7.83681743,-7.83129337,-7.17004422,2.00000000
-5.25347919,-3.92063376,-4.19240484,-5.47928403,-5.00680392,-5.26879119,-6.52117059,-7.22209471,-5.88964027,-4.71696318,-4.51388038,-5.63065405,-6.11679984,2.00000000
-5.81602026,-5.59259434,-4.64997326,-3.49775518,-3.87006211,-5.44847447,-5.06632698,-5.03239098,-4.96600040,-4.71832300,-4.41757680,-4.97778747,-5.46431268,2.00000000
-5.95029340,-5.27267265,-4.71637292,-4.47848625,-4.65648414,-4.66428581,-4.06303236,-4.92360018,-4.37226680,-3.28907438,-3.76102304,-4.51824592,-5.49830763,2.00000000
-4.00724738,-4.48627401,-3.84227234,-3.96270865,-4.89614283,-6.03484892,-4.90480319,-3.63119519,-5.56634108,-6.17972102,-4.43999009,-1.96485226,1.33002735,2.00000000
-37.72780137,-37.15857548,-34.01433736,-31.92181612,-31.50895238,-31.98567275,-31.80770543,-32.83089314,-34.10490328,-32.29229278,-31.46323700,-31.93968757,-32.13466853,2.00000000
-41.20876447,-40.67401196,-35.82248822,-34.76642177,-35.61912283,-35.89930150,-32.36054975,-31.73249050,-33.45144717,-33.93928270,-35.14103657,-35.22900075,-36.25824943,2.00000000
-38.90522509,-38.82280184,-35.88654462,-34.73101756,-33.77150903,-32.89693038,-33.69181534,-35.62987724,-36.54395607,-36.10026561,-35.58527043,-35.86939843,-35.20244788,2.00000000
-41.56326015,-41.01205963,-36.25098231,-34.79557077,-33.77317692,-33.76636547,-34.21594738,-34.17686852,-35.49907063,-35.24826747,-33.66089032,-33.77490331,-33.21381447,2.00000000
-42.87541061,-37.47425089,-30.33121154,-29.90854837,-31.35042039,-32.42937656,-32.61484652,-33.53386784,-31.24166678,-29.95433943,-31.89178657,-33.34699270,-33.80114632,2.00000000
-37.44389136,-22.58456768,-15.59414484,-16.17978126,-20.32444008,-20.53624956,-19.76689779,-19.66900492,-17.87902415,-16.17105185,-14.92730229,-16.10256218,-19.77740985,2.00000000
-40.92177405,-37.07710032,-29.00448053,-28.75641540,-29.09015535,-28.15861352,-28.41342816,-29.06406823,-29.52060891,-29.57315464,-29.20206871,-29.79750799,-30.17656242,2.00000000
-40.47791508,-40.46534006,-36.96031181,-34.15549744,-33.52252380,-33.64758216,-33.77062064,-34.22006279,-34.27345177,-34.44270066,-35.21012236,-35.15472107,-34.66124674,2.00000000
-44.01275830,-43.39275705,-39.39087115,-39.16217050,-37.85832178,-35.98498564,-35.73796741,-34.29226069,-33.95971327,-36.16606284,-36.09362377,-36.38271566,-36.90537419,2.00000000
-43.12782709,-43.05350203,-40.57191420,-37.88931281,-38.16372241,-37.58149982,-36.47799316,-35.31123697,-35.29201235,-35.42277875,-36.33595376,-36.44551852,-37.43873117,2.00000000
-39.90885328,-39.90885328,-39.90885328,-39.90885328,-39.90885328,-39.90885328,-39.90885328,-39.90885328,-39.90885328,-39.90885328,-39.90885328,-39.90885328,-39.90885328,2.00000000
-40.17499154,-40.17499154,-40.17499154,-40.17499154,-40.17499154,-40.17499154,-40.17499154,-40.17499154,-40.17499154,-40.17499154,-40.17499154,-40.17499154,-40.17499154,2.00000000
-63.15600416,-63.15759528,-63.15759528,-63.15759528,-63.15759528,-63.15759528,-63.15759528,-63.15759528,-63.15759528,-63.15759528,-63.15759528,-63.15759528,-63.15759528,2.00000000
-49.35002813,-49.35002813,-49.35002813,-49.35002813,-49.35002813,-49.35002813,-49.35002813,-49.35002813,-49.35002813,-49.35002813,-49.35002813,-49.35002813,-49.35002813,2.00000000
-45.81667700,-45.81667700,-45.81667700,-45.81667700,-45.81667700,-45.81667700,-45.81667700,-45.81667700,-45.81667700,-45.81667700,-45.81667700,-45.81667700,-45.81667700,2.00000000
-61.52095747,-61.52095747,-61.52095747,-61.52095747,-61.52095747,-61.52095747,-61.52095747,-61.52095747,-61.52095747,-61.52095747,-61.52095747,-61.52095747,-61.52095747,2.00000000
-50.53725686,-50.53725686,-50.53725686,-50.53725686,-50.53725686,-50.53725686,-50.53725686,-50.53725686,-50.53725686,-50.53725686,-50.53725686,-50.53725686,-50.53725686,2.00000000
-46.68938670,-46.68938670,-46.68938670,-46.68938670,-46.68938670,-46.68938670,-46.68938670,-46.68938670,-46.68938670,-46.68938670,-46.68938670,-46.68938670,-46.68938670,2.00000000
-49.82662289,-49.82662289,-49.82662289,-49.82662289,-49.82662289,-49.82662289,-49.82662289,-49.82662289,-49.82662289,-49.82662289,-49.82662289,-49.82662289,-49.82662289,2.00000000
-43.09225061,-43.09225061,-43.09225061,-43.09225061,-43.09225061,-43.09225061,-43.09225061,-43.09225061,-43.09225061,-43.09225061,-43.09225061,-43.09225061,-43.09225061,2.00000000
-26.72842724,-28.15628585,-30.80646730,-31.40930586,-31.51158653,-29.68226442,-29.59313777,-30.30463511,-31.27314061,-29.76133682,-29.12074618,-29.23973184,-22.75500087,3.00000000
-23.66284087,-23.34084558,-25.16488916,-28.31589264,-31.66922877,-34.23093031,-35.41283585,-35.15602520,-35.31151996,-36.59406071,-36.02730443,-33.36729665,-32.37453702,3.00000000
-29.25361045,-30.65587157,-32.95226461,-33.25697866,-34.77347811,-35.96973660,-35.36768528,-33.56896349,-32.90059574,-30.37708438,-28.60232738,-29.08799544,-30.52549282,3.00000000
-35.98282246,-36.66239188,-35.02798153,-30.16337655,-29.43010311,-30.88582669,-33.66851767,-34.57140989,-34.00958867,-32.92062101,-28.63097057,-27.67648662,-27.66717482,3.00000000
-18.37448484,-18.07339570,-19.66384394,-21.31320183,-23.45437936,-25.94049864,-28.11140421,-30.81008105,-33.14585689,-32.97834743,-32.15695909,-32.52131733,-34.47276920,3.00000000
-30.70184071,-31.80879794,-34.27538560,-34.99369533,-33.06385174,-33.15727160,-34.91487984,-35.94413260,-33.16724616,-30.76563581,-32.30541694,-32.66098189,-32.47253957,3.00000000
-24.38416586,-26.16947815,-29.49392090,-27.96974460,-27.71309043,-29.80062861,-31.15819586,-32.03956973,-32.76986299,-32.37021238,-32.76121187,-33.34076841,-32.93288242,3.00000000
-7.74004466,-7.52893395,-8.85559599,-11.68225471,-16.49734874,-17.34126301,-19.70772651,-22.01219051,-23.47741628,-25.25999617,-23.84988397,-23.94597899,-23.41201314,3.00000000
-25.75311456,-24.20511819,-23.36752443,-22.73064870,-23.52101091,-24.19921774,-23.80171235,-23.68601079,-23.65213799,-22.91284139,-20.85802912,-21.30143469,-21.76778617,3.00000000
-41.29238394,-41.29238394,-41.29238394,-41.29238394,-41.29238394,-41.29238394,-41.29238394,-41.29238394,-41.29238394,-41.29238394,-41.29238394,-41.29238394,-41.29238394,3.00000000
-8.94233592,-7.06264638,-6.19020933,-6.84442011,-6.10768635,-6.76901237,-6.83239796,-5.88713022,-6.20620642,-6.47483032,-6.30311940,-6.09940700,-4.18320359,3.00000000
-7.78525102,-6.65888560,-6.51328412,-5.42264533,-5.12500140,-3.97118838,-4.56828056,-5.02802836,-5.26600972,-5.23355163,-4.91137139,-4.93996423,-5.64361974,3.00000000
-6.89076986,-7.44210325,-8.38096818,-7.01356908,-6.60121942,-7.12859465,-7.78587578,-7.17401355,-7.50205227,-6.94223780,-5.77970442,-6.13821670,-6.99092223,3.00000000
-7.55178573,-7.04691582,-5.93969605,-5.71824309,-6.08812561,-6.22179769,-6.31162905,-6.42021076,-6.51339511,-7.70848092,-6.27695977,-7.44138122,-7.23375419,3.00000000
-6.34361198,-5.89722378,-5.76821101,-5.67266086,-6.57955591,-7.47098857,-7.56138610,-6.97372753,-6.50121430,-6.04314327,-5.59327261,-5.09529523,-4.51343483,3.00000000
-7.72763556,-6.40976857,-5.04017168,-6.27460870,-6.67238885,-5.07545836,-5.64371084,-6.90704313,-7.94608691,-8.82559218,-10.22309737,-8.55481494,-4.80134891,3.00000000
0.90492722,1.21775178,1.50402254,1.47752095,1.21376855,2.03885374,1.74615678,2.08763013,0.75386818,1.59085625,-0.13745440,0.33309493,0.88540781,3.00000000
-8.69494633,-6.75252370,-5.16103989,-5.14086969,-5.31329070,-4.36684771,-4.32429419,-4.54103946,-4.81320357,-5.83918375,-5.23481561,-3.99664831,-4.82502916,3.00000000
-6.92861621,-7.96439291,-7.52338855,-6.05444873,-4.77466830,-6.56068828,-7.42511601,-6.13841275,-6.23115122,-6.95309726,-8.03990289,-5.69718871,-4.76070064,3.00000000
-6.14056591,-5.34263035,-5.61921911,-5.80711255,-5.83588125,-6.95718299,-7.15136116,-5.60120862,-5.19102809,-5.76412656,-5.31679671,-6.54983534,-6.17177054,3.00000000
-43.23334911,-42.95878112,-38.23645014,-36.13002545,-35.60918374,-35.26750052,-34.30629676,-32.62544021,-34.23006978,-33.85806515,-33.98366398,-35.27897970,-36.27697661,3.00000000
-42.18494342,-41.96247908,-35.50156944,-34.11913923,-35.75701449,-36.76118732,-34.73951685,-35.36489657,-36.61123265,-35.89564619,-35.29663888,-36.23226709,-35.54545062,3.00000000
-41.44152148,-41.44152148,-41.06153024,-38.28875529,-37.22724781,-37.85213030,-37.90046308,-36.79509414,-36.85636647,-37.17867470,-36.46817685,-35.96972425,-34.93987004,3.00000000
-41.57681508,-41.51185712,-36.85586092,-34.61729045,-33.33315795,-32.94846701,-32.50993517,-32.68806334,-32.77558711,-34.53752805,-33.16211960,-33.55060458,-33.37174249,3.00000000
-41.96711814,-40.85333969,-32.96553335,-31.36405552,-34.14730383,-32.81926485,-33.61307675,-34.11317714,-32.01364919,-30.75328909,-31.91172451,-32.27418603,-30.61189827,3.00000000
-37.67698675,-23.03583510,-17.51237994,-16.65993277,-15.22507411,-13.99233481,-14.96106962,-14.82033707,-12.46729484,-11.79466968,-15.88345466,-12.18017751,-13.32274673,3.00000000
-41.25661284,-37.93109784,-31.82747153,-32.38124176,-31.99267403,-31.90798607,-33.15355840,-33.05767531,-31.84610104,-32.15372806,-33.82417471,-33.79903788,-33.56069367,3.00000000
-38.81306248,-24.15522505,-17.45217415,-17.87213580,-19.03784089,-18.53046923,-18.26154075,-17.97851324,-18.57649409,-19.48378831,-18.73777425,-18.03512700,-18.46731904,3.00000000
-43.75757541,-37.53587516,-30.16148907,-27.66118201,-27.70097276,-28.01481448,-27.91774918,-28.00326855,-28.27125870,-26.56087033,-26.86667653,-27.71968380,-29.03379504,3.00000000
-40.43942335,-35.83571322,-30.30945142,-30.12608478,-31.08137730,-31.09353292,-30.04779261,-30.23213512,-30.71409480,-29.66964607,-28.14909820,-27.78247360,-28.83202028,3.00000000
-51.70311699,-51.70311699,-51.70311699,-51.70311699,-51.70311699,-51.70311699,-51.70311699,-51.70311699,-51.70311699,-51.70311699,-51.70311699,-51.70311699,-51.70311699,3.00000000
-42.07976899,-42.07976899,-42.07976899,-42.07976899,-42.07976899,-42.07976899,-42.07976899,-42.07976899,-42.07976899,-42.07976899,-42.07976899,-42.07976899,-42.07976899,3.00000000
-51.56020695,-51.56020695,-51.56020695,-51.56020695,-51.56020695,-51.56020695,-51.56020695,-51.56020695,-51.56020695,-51.56020695,-51.56020695,-51.56020695,-51.56020695,3.00000000
-47.55696487,-47.55696487,-47.55696487,-47.55696487,-47.55696487,-47.55696487,-47.55696487,-47.55696487,-47.55696487,-47.55696487,-47.55696487,-47.55696487,-47.55696487,3.00000000
-50.11505802,-50.11505802,-50.11505802,-50.11505802,-50.11505802,-50.11505802,-50.11505802,-50.11505802,-50.11505802,-50.11505802,-50.11505802,-50.11505802,-50.11505802,3.00000000
-45.62313113,-45.62313113,-45.62313113,-45.62313113,-45.62313113,-45.62313113,-45.62313113,-45.62313113,-45.62313113,-45.62313113,-45.62313113,-45.62313113,-45.62313113,3.00000000
-63.23527939,-63.23659789,-63.23659789,-63.23659789,-63.23659789,-63.23659789,-63.23659789,-63.23659789,-63.23659789,-63.23659789,-63.23659789,-63.23659789,-63.23659789,3.00000000
-50.37289184,-50.37289184,-50.37289184,-50.37289184,-50.37289184,-50.37289184,-50.37289184,-50.37289184,-50.37289184,-50.37289184,-50.37289184,-50.37289184,-50.37289184,3.00000000
-42.69996973,-42.69996973,-42.69996973,-42.69996973,-42.69996973,-42.69996973,-42.69996973,-42.69996973,-42.69996973,-42.69996973,-42.69996973,-42.69996973,-42.69996973,3.00000000
-44.84610983,-44.84610983,-44.84610983,-44.84610983,-44.84610983,-44.84610983,-44.84610983,-44.84610983,-44.84610983,-44.84610983,-44.84610983,-44.84610983,-44.84610983,3.00000000
-40.96315750,-40.96315750,-40.95808577,-40.53782501,-39.97256851,-39.77167934,-39.84789550,-39.92530593,-40.28653115,-40.66906245,-39.70145309,-38.55389050,-39.27693308,4.00000000
-40.02431559,-40.20909356,-40.31628831,-40.33060208,-40.33060208,-40.33060208,-40.03853223,-38.68514039,-38.06665636,-38.39702978,-38.51903869,-38.26139572,-38.45038735,4.00000000
-37.95520085,-38.86910255,-39.50503090,-39.67954165,-39.87500589,-39.53843085,-38.42493689,-34.16862617,-31.69652370,-29.97342974,-29.25699495,-30.31303751,-30.14498325,4.00000000
-39.41356843,-40.22427731,-40.00181157,-38.26744747,-37.06718085,-36.43322563,-37.05979180,-37.00772013,-36.53709777,-36.84310342,-36.51124909,-33.50067485,-31.07683892,4.00000000
-38.13219424,-37.85833616,-37.52668431,-37.73155151,-38.83109744,-39.20770846,-39.31693614,-39.34055847,-38.02166196,-34.86834574,-33.06213526,-32.05035405,-32.37368526,4.00000000
-36.87983172,-37.45520619,-38.10537118,-38.71194284,-39.56915949,-39.69652809,-39.53245221,-38.88111738,-35.44499932,-33.69214832,-32.86565584,-32.80678309,-34.15212005,4.00000000
-37.83735441,-33.63224787,-32.92677085,-34.14155847,-34.59554016,-33.84448713,-33.74574691,-32.72986452,-30.99399940,-30.47099121,-30.66578734,-31.43695324,-30.21673926,4.00000000
-35.23597141,-34.04052777,-32.83661276,-31.41495971,-31.56871963,-32.30634490,-32.96160258,-32.53532123,-32.87559354,-32.64424513,-32.41722678,-31.56163233,-31.23821989,4.00000000
-30.70007554,-31.34023175,-30.18882534,-30.09870924,-30.85918557,-30.42146256,-31.06332391,-29.82055387,-25.20641553,-22.78147914,-23.12330683,-24.27052211,-26.28968068,4.00000000
-38.91826679,-38.91826679,-38.91826679,-38.91826679,-38.91826679,-38.91826679,-38.91826679,-38.91826679,-38.91826679,-38.91826679,-38.91826679,-38.91826679,-38.91826679,4.00000000
-3.19064210,-2.56115314,-2.23154571,-1.96283221,-2.18443314,-2.94674954,-2.45146385,-1.59603084,-2.34081008,-2.52474388,-2.36201877,-2.83434892,-2.87770395,4.00000000
-3.33877351,-2.68927610,-1.60172966,-1.96184585,-1.56467287,-2.09888533,-3.02763763,-2.92107163,-2.78022850,-2.09603915,-1.84850218,-3.31552221,-3.04544133,4.00000000
-2.33001525,-0.59376195,-1.31588060,-1.44015002,-2.03996107,-1.62784131,-1.58115420,-0.10511069,-1.98838164,-2.12055472,-1.93561267,-0.47722529,-0.61699662,4.00000000
-2.71347592,-2.53733310,-2.34031759,-1.68132381,-2.56168723,-1.13515507,-0.88239349,-1.59034411,-1.37453954,-3.17056619,-1.96397754,-1.56426265,-1.39621512,4.00000000
-5.13163195,-3.56982289,-3.47343537,-3.50274240,-3.93871628,-4.72620861,-3.08419962,-2.75960974,-4.82019347,-5.31728288,-3.70009861,-3.06896306,-4.06053148,4.00000000
-3.30892767,-4.24325494,-4.97997047,-4.41720785,-4.07097636,-3.94717884,-4.18605417,-4.14108966,-4.66123548,-4.24037464,-3.13061932,-3.86390729,-5.16547376,4.00000000
-7.59166943,-4.96291329,-3.96982889,-4.94207847,-4.34811740,-3.22224942,-4.74359697,-5.73388231,-5.84495236,-5.44931740,-5.46469612,-5.53762164,-5.20147348,4.00000000
-3.34622440,-3.80941822,-4.77520632,-5.05075092,-4.43511510,-5.31131340,-5.62121792,-5.09051365,-4.82924620,-4.47125118,-5.10491937,-6.56363421,-6.21688597,4.00000000
-4.97246432,-3.67664537,-2.61468871,-2.53927542,-2.75088413,-2.62349642,-2.28577783,-1.84858857,-2.58846118,-2.03787873,-0.89455072,-2.62715658,-3.86291388,4.00000000
-2.32577763,-1.86312678,-1.56785251,-1.70535031,-1.51391351,-3.05248218,-2.87980244,-3.28592378,-3.46570008,-3.75670480,-3.19844709,-2.76855487,-2.95756619,4.00000000
-43.41178777,-22.29926964,-15.57609097,-17.46548620,-21.16333090,-22.51734026,-23.33604996,-23.01225332,-23.02528135,-24.34388147,-23.09732962,-22.94804574,-21.19564726,4.00000000
-40.46464172,-32.91710143,-27.29919709,-27.09518885,-26.31081109,-23.43376868,-20.74393400,-23.29260004,-24.73816293,-23.95245099,-24.80414953,-27.09141924,-28.58420870,4.00000000
-41.53313950,-39.88006559,-31.69170821,-29.59940387,-30.78823533,-31.16276647,-31.96281293,-32.67341071,-32.82042448,-31.37154378,-31.39299012,-30.49478690,-29.69530744,4.00000000
-40.92898252,-32.41165808,-24.14360426,-23.65864819,-24.57581951,-22.53474782,-21.94445576,-18.87846611,-17.00072062,-16.39859637,-17.28508555,-17.00757033,-20.15679705,4.00000000
-41.49359351,-27.22076758,-20.52026626,-20.53254198,-21.47256900,-22.44202718,-23.47242414,-23.22413914,-22.68547398,-22.81592159,-21.15969363,-21.33900151,-21.10213647,4.00000000
-40.30543379,-38.41643825,-33.50303241,-29.17451116,-27.16883125,-26.68383338,-27.34125689,-28.12797007,-27.09972722,-27.67679192,-28.98060109,-28.69999555,-27.83108220,4.00000000
-42.40876275,-33.42941899,-24.34312803,-22.68676422,-24.56752314,-23.34636613,-22.73772745,-22.64919010,-24.21801699,-24.10453384,-22.93541231,-22.91002418,-24.03400505,4.00000000
-43.03596416,-37.19307519,-29.94871090,-28.43496186,-28.53443100,-29.27678112,-27.77356070,-25.37309507,-26.43482866,-27.90062505,-28.17542389,-28.77972439,-29.24985491,4.00000000
-40.28546373,-32.79744480,-26.13017659,-24.86409748,-22.66527521,-19.18839845,-20.60308841,-21.20942464,-22.52473120,-23.39905890,-24.55777331,-22.11867628,-21.89419000,4.00000000
-43.70494803,-40.94254807,-34.41846013,-32.52283961,-32.24837493,-31.66335423,-32.42291670,-33.17834466,-32.66873210,-30.85463314,-30.12140915,-31.28148448,-32.33544487,4.00000000
-48.03135944,-48.03135944,-48.03135944,-48.03135944,-48.03135944,-48.03135944,-48.03135944,-48.03135944,-48.03135944,-48.03135944,-48.03135944,-48.03135944,-48.03135944,4.00000000
-48.49713368,-48.49713368,-48.49713368,-48.49713368,-48.49713368,-48.49713368,-48.49713368,-48.49713368,-48.49713368,-48.49713368,-48.49713368,-48.49713368,-48.49713368,4.00000000
-70.72764427,-70.79386757,-70.44105229,-70.18204875,-70.07478697,-70.62758364,-70.44507949,-70.41431286,-70.55679536,-70.82284453,-70.37483420,-70.23045898,-70.58674749,4.00000000
-61.74650452,-61.74650452,-61.74650452,-61.74650452,-61.74650452,-61.74650452,-61.74650452,-61.74650452,-61.74650452,-61.74650452,-61.74650452,-61.74650452,-61.74650452,4.00000000
-64.11848395,-64.12973911,-64.12973911,-64.12973911,-64.12973911,-64.12973911,-64.12973911,-64.12973911,-64.12973911,-64.12973911,-64.12973911,-64.12973911,-64.12973911,4.00000000
-46.29268011,-46.29268011,-46.29268011,-46.29268011,-46.29268011,-46.29268011,-46.29268011,-46.29268011,-46.29268011,-46.29268011,-46.29268011,-46.29268011,-46.29268011,4.00000000
-48.38284729,-48.38284729,-48.38284729,-48.38284729,-48.38284729,-48.38284729,-48.38284729,-48.38284729,-48.38284729,-48.38284729,-48.38284729,-48.38284729,-48.38284729,4.00000000
-50.99245508,-50.99245508,-50.99245508,-50.99245508,-50.99245508,-50.99245508,-50.99245508,-50.99245508,-50.99245508,-50.99245508,-50.99245508,-50.99245508,-50.99245508,4.00000000
-57.83751140,-57.83751140,-57.83751140,-57.83751140,-57.83751140,-57.83751140,-57.83751140,-57.83751140,-57.83751140,-57.83751140,-57.83751140,-57.83751140,-57.83751140,4.00000000
-49.50252859,-49.50252859,-49.50252859,-49.50252859,-49.50252859,-49.50252859,-49.50252859,-49.50252859,-49.50252859,-49.50252859,-49.50252859,-49.50252859,-49.50252859,4.00000000
-34.12397468,-33.45732432,-33.58342877,-33.64990843,-33.35279689,-33.40260079,-34.64825920,-34.67380423,-34.23890091,-34.50737280,-35.08439470,-33.97572844,-31.86470055,5.00000000
-39.08242177,-40.23114332,-39.09181329,-37.99494424,-36.07814455,-34.54408807,-33.47259733,-32.79918471,-32.40928867,-32.29446467,-32.57829909,-32.98213712,-31.82653727,5.00000000
-34.07215189,-33.85102582,-35.33258033,-35.38080074,-34.54006359,-34.05773751,-34.19053097,-35.06283607,-34.30644780,-34.15065684,-35.95581444,-35.62511404,-34.74652531,5.00000000
-43.53663514,-43.53663514,-43.53663514,-43.53663514,-43.53663514,-43.53663514,-43.53663514,-43.53663514,-43.53663514,-43.53663514,-43.53663514,-43.53663514,-40.68264958,5.00000000
-42.21968560,-42.21968560,-42.21968560,-42.21968560,-42.21968560,-42.21968560,-42.21968560,-42.21968560,-42.21968560,-42.21968560,-42.21968560,-42.21968560,-42.21968560,5.00000000
-36.37358147,-35.95729098,-35.19174927,-34.93102031,-34.45909144,-33.24196694,-32.40349633,-30.47341658,-29.21783996,-27.87883784,-28.69526112,-29.94695489,-28.86155191,5.00000000
-40.22926883,-37.88132783,-33.58771881,-32.04976385,-32.46585117,-31.42617002,-31.66693241,-32.30731392,-30.95012045,-31.11652463,-31.63497460,-32.36353635,-31.66782788,5.00000000
-41.39987946,-41.28349542,-41.48004121,-41.85063716,-41.31866349,-37.52304994,-33.40543396,-31.05450835,-32.22714054,-32.78034382,-31.90957943,-31.08227646,-31.28295010,5.00000000
-30.59223370,-31.41053848,-33.31413641,-32.99652767,-34.12621143,-34.59240001,-33.29291145,-28.55672868,-28.42099048,-29.06609752,-33.13827178,-33.00518755,-32.07474581,5.00000000
-42.19950313,-42.19950313,-42.19950313,-42.19950313,-42.19950313,-42.19950313,-42.19950313,-42.19950313,-42.19950313,-42.19950313,-42.19950313,-42.19950313,-42.19950313,5.00000000
-5.63263381,-4.83572813,-5.97395482,-5.42942555,-3.29069937,-1.74130992,-3.09751805,-2.94307118,-3.58257770,-4.73309271,-6.40722452,-6.76292920,-5.58172333,5.00000000
-4.15479631,-3.96368267,-3.63057090,-3.11539715,-3.53457143,-4.77710197,-4.20964892,-4.93794366,-4.08590439,-4.54144154,-5.09850534,-4.91770685,-4.55105261,5.00000000
-3.10940929,-2.89721241,-3.59167112,-4.07755620,-3.85413739,-3.78155077,-3.90538617,-2.65733850,-1.36962400,-0.29302146,-0.18219423,-0.65311864,-0.10491828,5.00000000
-4.50309817,-3.73809660,-2.10597287,-1.88212723,-3.41197009,-3.52063248,-3.65296698,-3.49670489,-3.79070870,-4.51774391,-3.68956950,-4.44739107,-3.83054661,5.00000000
-5.13229454,-3.52234375,-1.80970286,-2.32667317,-3.06995697,-2.46148595,-2.42558003,-3.77103503,-4.53252507,-3.56212597,-3.62334260,-3.08621477,-2.92363686,5.00000000
-2.62506290,-2.69670610,-2.57946041,-3.64210357,-3.26495090,-2.78146320,-3.29079847,-4.44490342,-4.85789740,-5.52249711,-3.85760071,-2.40939436,-2.27059558,5.00000000
-2.82306477,-2.50335524,-3.05428140,-3.31408321,-3.34408290,-3.18779723,-3.08145563,-2.69879963,-3.04397915,-3.53043457,-3.33097859,-3.26955232,-3.41215652,5.00000000
0.04977594,-0.72791468,-0.89138557,-1.08897446,-0.36124416,-0.45085801,-1.38106464,-1.42135572,-1.41322839,-1.46469678,-2.15087418,-2.24298911,-1.66685143,5.00000000
-4.40571821,-3.62066995,-2.45251631,-2.28983539,-2.54830362,-3.58181715,-4.44547023,-4.11362597,-4.95514273,-3.99678798,-3.30031416,-3.76469177,-3.99485085,5.00000000
-5.34780122,-4.38315241,-3.53688933,-2.97736539,-3.18417861,-2.21623830,-1.71365220,-1.97325218,-3.64341667,-5.48416747,-4.60329177,-2.92601820,-1.70839061,5.00000000
-42.95750830,-21.28458620,-14.47025976,-15.18789587,-16.94855856,-14.95726475,-14.45061495,-16.03355490,-15.72624440,-16.40279711,-17.07240931,-17.19789164,-17.75266439,5.00000000
-50.16011030,-40.68232044,-31.98716832,-29.15518060,-28.57889650,-27.82273647,-27.76508693,-28.17293133,-29.24652890,-27.49368858,-26.23803826,-24.35317439,-21.91180066,5.00000000
-47.42445790,-38.16043467,-30.67385392,-30.56914568,-32.42336363,-33.57145363,-33.89824401,-35.30183724,-34.35396585,-33.87223071,-35.53050611,-36.69123515,-34.97850704,5.00000000
-49.94092300,-43.70137795,-37.72401031,-37.81036441,-38.06158866,-37.08566900,-38.46578445,-38.57602980,-38.99370078,-38.45598597,-36.19063831,-37.67661001,-37.70098532,5.00000000
-42.07332605,-41.38634282,-34.91395251,-32.95208068,-32.70689167,-32.64914191,-33.31139315,-33.94001043,-33.86541938,-33.28986655,-34.77902986,-36.12734540,-34.91290212,5.00000000
-46.26411101,-40.47119926,-32.45646416,-30.89121343,-31.84951405,-32.43009579,-31.69001415,-31.90620283,-32.46699908,-32.21344516,-32.72349713,-31.87865101,-33.16795785,5.00000000
-46.77978531,-46.54002775,-37.69995737,-34.80656231,-33.05866499,-33.13108900,-35.31643980,-35.67121266,-35.00624511,-33.89664994,-34.23170737,-35.73655992,-35.04282794,5.00000000
-51.23404098,-41.89161679,-35.09631087,-34.80411505,-35.37313361,-36.15000443,-36.23736105,-37.32360129,-37.44976503,-37.44032238,-37.52197333,-36.30892673,-36.20302111,5.00000000
-46.91542896,-33.97974578,-25.36966660,-23.81149003,-25.03232944,-28.08416392,-24.89940243,-24.23210698,-27.33579295,-27.04798115,-26.99691624,-26.69529905,-26.38279190,5.00000000
-48.73579079,-46.00673855,-36.43922285,-34.48587773,-35.53747274,-34.41925743,-34.18198088,-31.64180111,-32.64466428,-32.30846774,-32.59768328,-33.62157724,-33.76385867,5.00000000
-58.84777994,-58.84777994,-58.84777994,-58.84777994,-58.84777994,-58.84777994,-58.84777994,-58.84777994,-58.84777994,-58.84777994,-58.84777994,-58.84777994,-58.84777994,5.00000000
-65.20364556,-65.22539245,-65.22539245,-65.22539245,-65.22539245,-65.22539245,-65.22539245,-65.22539245,-65.22309141,-65.22539245,-65.22539245,-65.22539245,-65.22482866,5.00000000
-56.71476400,-56.71476400,-56.71476400,-56.71476400,-56.71476400,-56.71476400,-56.71476400,-56.71476400,-56.71476400,-56.71476400,-56.71476400,-56.71476400,-56.71476400,5.00000000
-57.30538643,-57.30538643,-57.30538643,-57.30538643,-57.30538643,-57.30538643,-57.30538643,-57.30538643,-57.30538643,-57.30538643,-57.30538643,-57.30538643,-57.30538643,5.00000000
-49.44436178,-49.44436178,-49.44436178,-49.44436178,-49.44436178,-49.44436178,-49.44436178,-49.44436178,-49.44436178,-49.44436178,-49.44436178,-49.44436178,-49.44436178,5.00000000
-41.23869389,-41.23869389,-41.23869389,-41.23869389,-41.23869389,-41.23869389,-41.23869389,-41.23869389,-41.23869389,-41.23869389,-41.23869389,-41.23869389,-41.23869389,5.00000000
-54.83767932,-54.83767932,-54.83767932,-54.83767932,-54.83767932,-54.83767932,-54.83767932,-54.83767932,-54.83767932,-54.83767932,-54.83767932,-54.83767932,-54.83767932,5.00000000
-45.95533903,-45.95533903,-45.95533903,-45.95533903,-45.95533903,-45.95533903,-45.95533903,-45.95533903,-45.95533903,-45.95533903,-45.95533903,-45.95533903,-45.95533903,5.00000000
-54.23450226,-54.23450226,-54.23450226,-54.23450226,-54.23450226,-54.23450226,-54.23450226,-54.23450226,-54.23450226,-54.23450226,-54.23450226,-54.23450226,-54.23450226,5.00000000
-40.31672181,-40.31672181,-40.31672181,-40.31672181,-40.31672181,-40.31672181,-40.31672181,-40.31672181,-40.31672181,-40.31672181,-40.31672181,-40.31672181,-40.31672181,5.00000000
-36.43283665,-34.47675441,-31.54904590,-31.16581291,-30.46725975,-28.13444156,-26.94928093,-28.47554160,-30.50541873,-32.55300593,-33.18437792,-32.33652028,-32.98831157,1.00000000
-24.45059228,-24.63676595,-26.93187515,-26.20506740,-26.24268801,-27.08443484,-26.80277528,-27.31170901,-28.88747926,-27.60020125,-27.15491995,-29.54068939,-29.14185534,1.00000000
-32.85087218,-31.73819605,-29.87455237,-30.67268155,-32.37936352,-34.70335073,-34.94697346,-34.41503540,-28.48423311,-20.30778513,-16.69794996,-16.56123451,-16.11362238,1.00000000
-30.52535041,-31.49192897,-32.88831234,-32.48796871,-31.87217937,-32.37292973,-31.85263969,-31.16657978,-31.62802720,-31.41304658,-32.92661482,-33.47444904,-32.42916488,1.00000000
-35.80405769,-36.91449921,-38.76771597,-37.06809630,-34.56030549,-33.93303266,-34.64430505,-33.35191782,-33.21455974,-31.90834176,-30.45302728,-30.24342232,-30.65697017,1.00000000
-29.90530410,-30.61527084,-34.91128442,-35.57889428,-34.88339508,-34.68843612,-34.59534777,-33.72882496,-34.03432394,-35.51216154,-35.80374665,-34.72317549,-33.07877235,1.00000000
-37.90879002,-34.89850381,-32.92899428,-32.07488894,-30.70594362,-30.84923908,-32.16588337,-33.67673983,-34.36698314,-32.92267980,-32.31932139,-32.60896754,-30.76004813,1.00000000
-41.38487803,-41.38487803,-41.38487803,-41.38487803,-41.38487803,-41.38487803,-41.38487803,-41.38487803,-41.38487803,-41.38487803,-41.38487803,-41.38487803,-41.38487803,1.00000000
-21.31123805,-21.70001332,-22.07417897,-24.27807562,-26.18835317,-25.54722430,-26.98281324,-26.47587392,-26.36679517,-26.48616100,-28.25991113,-29.38928186,-31.04263252,1.00000000
-41.21192272,-41.21192272,-41.21192272,-41.21192272,-41.21192272,-41.21192272,-41.21192272,-41.21192272,-41.21192272,-41.21192272,-41.21192272,-41.21192272,-41.21192272,1.00000000
-42.43366077,-42.82956602,-41.84639898,-36.08208275,-34.39918909,-35.59096112,-34.58374238,-31.45090073,-30.52912598,-31.58369225,-33.03409639,-34.23819836,-33.04146001,2.00000000
-31.15305325,-32.95067265,-35.04648909,-35.25332564,-35.23945964,-34.00168755,-33.86865653,-34.62946813,-34.82260436,-35.04658113,-33.56561110,-34.15114561,-34.96249241,2.00000000
-39.18006891,-41.67907442,-43.94542824,-43.63541236,-41.72570374,-38.10351627,-36.74971642,-35.90172554,-34.41957103,-34.25945456,-34.72226844,-35.76287186,-33.77278177,2.00000000
-44.21465286,-44.64219523,-44.24517786,-42.43190959,-38.74454016,-36.52187021,-37.51193891,-39.03936151,-39.34921494,-38.52045123,-35.67911211,-36.41632862,-38.20614125,2.00000000
-40.46031971,-41.99619822,-41.51209493,-39.33783627,-38.75870654,-37.60348584,-35.90810145,-34.99563199,-31.31342235,-29.87383315,-31.54545724,-32.92753901,-33.07221485,2.00000000
-38.71979278,-37.50539838,-33.37242410,-30.60066429,-30.56017520,-31.59676547,-31.58515044,-30.70639989,-30.23074701,-29.44098363,-29.54387582,-30.17767771,-30.46303318,2.00000000
-25.65127543,-27.21372187,-29.49963473,-28.33055510,-29.32011591,-28.65229992,-27.66252997,-27.14794331,-28.60852197,-26.49189085,-17.99402151,-13.40380689,-15.29610315,2.00000000
-44.62121305,-44.62121305,-44.62121305,-44.62121305,-44.62121305,-44.62121305,-44.62121305,-44.62121305,-44.62121305,-44.62121305,-44.62121305,-44.62121305,-44.62121305,2.00000000
-42.71220188,-42.71220188,-42.71220188,-42.71220188,-42.71220188,-42.71220188,-42.71220188,-42.71220188,-42.71220188,-42.71220188,-42.71220188,-42.71220188,-42.71220188,2.00000000
-22.05434499,-20.80528394,-20.96615736,-23.68814971,-24.67558004,-23.02722281,-23.10990777,-24.67491805,-23.90354918,-23.63655818,-23.75506622,-22.12243091,-18.72049880,2.00000000
-26.72842724,-28.15628585,-30.80646730,-31.40930586,-31.51158653,-29.68226442,-29.59313777,-30.30463511,-31.27314061,-29.76133682,-29.12074618,-29.23973184,-22.75500087,3.00000000
-23.66284087,-23.34084558,-25.16488916,-28.31589264,-31.66922877,-34.23093031,-35.41283585,-35.15602520,-35.31151996,-36.59406071,-36.02730443,-33.36729665,-32.37453702,3.00000000
-29.25361045,-30.65587157,-32.95226461,-33.25697866,-34.77347811,-35.96973660,-35.36768528,-33.56896349,-32.90059574,-30.37708438,-28.60232738,-29.08799544,-30.52549282,3.00000000
-35.98282246,-36.66239188,-35.02798153,-30.16337655,-29.43010311,-30.88582669,-33.66851767,-34.57140989,-34.00958867,-32.92062101,-28.63097057,-27.67648662,-27.66717482,3.00000000
-18.37448484,-18.07339570,-19.66384394,-21.31320183,-23.45437936,-25.94049864,-28.11140421,-30.81008105,-33.14585689,-32.97834743,-32.15695909,-32.52131733,-34.47276920,3.00000000
-30.70184071,-31.80879794,-34.27538560,-34.99369533,-33.06385174,-33.15727160,-34.91487984,-35.94413260,-33.16724616,-30.76563581,-32.30541694,-32.66098189,-32.47253957,3.00000000
-24.38416586,-26.16947815,-29.49392090,-27.96974460,-27.71309043,-29.80062861,-31.15819586,-32.03956973,-32.76986299,-32.37021238,-32.76121187,-33.34076841,-32.93288242,3.00000000
-7.74004466,-7.52893395,-8.85559599,-11.68225471,-16.49734874,-17.34126301,-19.70772651,-22.01219051,-23.47741628,-25.25999617,-23.84988397,-23.94597899,-23.41201314,3.00000000
-25.75311456,-24.20511819,-23.36752443,-22.73064870,-23.52101091,-24.19921774,-23.80171235,-23.68601079,-23.65213799,-22.91284139,-20.85802912,-21.30143469,-21.76778617,3.00000000
-41.29238394,-41.29238394,-41.29238394,-41.29238394,-41.29238394,-41.29238394,-41.29238394,-41.29238394,-41.29238394,-41.29238394,-41.29238394,-41.29238394,-41.29238394,3.00000000
-40.96315750,-40.96315750,-40.95808577,-40.53782501,-39.97256851,-39.77167934,-39.84789550,-39.92530593,-40.28653115,-40.66906245,-39.70145309,-38.55389050,-39.27693308,4.00000000
-40.02431559,-40.20909356,-40.31628831,-40.33060208,-40.33060208,-40.33060208,-40.03853223,-38.68514039,-38.06665636,-38.39702978,-38.51903869,-38.26139572,-38.45038735,4.00000000
-37.95520085,-38.86910255,-39.50503090,-39.67954165,-39.87500589,-39.53843085,-38.42493689,-34.16862617,-31.69652370,-29.97342974,-29.25699495,-30.31303751,-30.14498325,4.00000000
-39.41356843,-40.22427731,-40.00181157,-38.26744747,-37.06718085,-36.43322563,-37.05979180,-37.00772013,-36.53709777,-36.84310342,-36.51124909,-33.50067485,-31.07683892,4.00000000
-38.13219424,-37.85833616,-37.52668431,-37.73155151,-38.83109744,-39.20770846,-39.31693614,-39.34055847,-38.02166196,-34.86834574,-33.06213526,-32.05035405,-32.37368526,4.00000000
-36.87983172,-37.45520619,-38.10537118,-38.71194284,-39.56915949,-39.69652809,-39.53245221,-38.88111738,-35.44499932,-33.69214832,-32.86565584,-32.80678309,-34.15212005,4.00000000
-37.83735441,-33.63224787,-32.92677085,-34.14155847,-34.59554016,-33.84448713,-33.74574691,-32.72986452,-30.99399940,-30.47099121,-30.66578734,-31.43695324,-30.21673926,4.00000000
-35.23597141,-34.04052777,-32.83661276,-31.41495971,-31.56871963,-32.30634490,-32.96160258,-32.53532123,-32.87559354,-32.64424513,-32.41722678,-31.56163233,-31.23821989,4.00000000
-30.70007554,-31.34023175,-30.18882534,-30.09870924,-30.85918557,-30.42146256,-31.06332391,-29.82055387,-25.20641553,-22.78147914,-23.12330683,-24.27052211,-26.28968068,4.00000000
-38.91826679,-38.91826679,-38.91826679,-38.91826679,-38.91826679,-38.91826679,-38.91826679,-38.91826679,-38.91826679,-38.91826679,-38.91826679,-38.91826679,-38.91826679,4.00000000
-34.12397468,-33.45732432,-33.58342877,-33.64990843,-33.35279689,-33.40260079,-34.64825920,-34.67380423,-34.23890091,-34.50737280,-35.08439470,-33.97572844,-31.86470055,5.00000000
-39.08242177,-40.23114332,-39.09181329,-37.99494424,-36.07814455,-34.54408807,-33.47259733,-32.79918471,-32.40928867,-32.29446467,-32.57829909,-32.98213712,-31.82653727,5.00000000
-34.07215189,-33.85102582,-35.33258033,-35.38080074,-34.54006359,-34.05773751,-34.19053097,-35.06283607,-34.30644780,-34.15065684,-35.95581444,-35.62511404,-34.74652531,5.00000000
-43.53663514,-43.53663514,-43.53663514,-43.53663514,-43.53663514,-43.53663514,-43.53663514,-43.53663514,-43.53663514,-43.53663514,-43.53663514,-43.53663514,-40.68264958,5.00000000
-42.21968560,-42.21968560,-42.21968560,-42.21968560,-42.21968560,-42.21968560,-42.21968560,-42.21968560,-42.21968560,-42.21968560,-42.21968560,-42.21968560,-42.21968560,5.00000000
-36.37358147,-35.95729098,-35.19174927,-34.93102031,-34.45909144,-33.24196694,-32.40349633,-30.47341658,-29.21783996,-27.87883784,-28.69526112,-29.94695489,-28.86155191,5.00000000
-40.22926883,-37.88132783,-33.58771881,-32.04976385,-32.46585117,-31.42617002,-31.66693241,-32.30731392,-30.95012045,-31.11652463,-31.63497460,-32.36353635,-31.66782788,5.00000000
-41.39987946,-41.28349542,-41.48004121,-41.85063716,-41.31866349,-37.52304994,-33.40543396,-31.05450835,-32.22714054,-32.78034382,-31.90957943,-31.08227646,-31.28295010,5.00000000
-30.59223370,-31.41053848,-33.31413641,-32.99652767,-34.12621143,-34.59240001,-33.29291145,-28.55672868,-28.42099048,-29.06609752,-33.13827178,-33.00518755,-32.07474581,5.00000000
-42.19950313,-42.19950313,-42.19950313,-42.19950313,-42.19950313,-42.19950313,-42.19950313,-42.19950313,-42.19950313,-42.19950313,-42.19950313,-42.19950313,-42.19950313,5.00000000